54 (1011100 (1011101.

100 Ρ1001 100ςο 01000 111000 00 100100, 10000110ος0 100 Zehn-
10010 100 Η110 1010101, 1000 10 Ρ1001 000100010100100100 00-
1001001 010000 0101110011, 010 100 Ρ100110ος0 01000 111000,
10000 Lange der 0010100100 Ηο10 0101010 101; 001 001100, 0000
100 heim 0001000110011011 durch 0100 11000100 00100010 Impuls
000000110101, 01000 31010100 1111100010οᾶ 00 0100010100, 00
0101 00 100001100 um 0100 0100001010 11000110 0010010ος 000 101
1000 1111000100ᾱο von 10 Ρ100100 10 00010001100111011000 100-
ι100100οο0 100 Ρ10010011000 000010100111000 0010010010θο 1010ςο
8101010101011010 0101 100 durch irgend 010011100οΙ00 0001000101
10110010 (10010101 000 10 Ρ1001, 00001000001000010 001 100
1000100100 1110010ος00 0101, 10000110 οο 001110010001000, (1000
(110 Ηο100 11000110 0101, 0100 100 00100100 Τ10011 100 111000 000-
0000101. 801000 0100 00010100100010111, 1000 0100110011, 1101010-
001011, 010 (1001010111000 01000 0000100100 111000 100100001110100,
10000110 00010 00010000101001001001000010, 000 011 00100000100100
Ηο10, im vorliegenden Falle um (100 0010100 Γ110011 100 geneig-
10011000101000 000101 1010001 110101101000100 100 10 Ρ1001,
0100100000 10 0001000101 10110010 Ρ10010 0001 100 Ρ1001 00010-
00011 00100100, 1010010 0001 00 100 00100100 Γ1110011 100800100ος
der 10 Ρ1001; 01001100110100, 110 100 Ρ1001 100100 kann, 101
0101010 100 Κο011, mit der die 100 Ρ1001 0001 00100 0100100, 001
11000 000 100 110010, 100 Ρ10101 01010000 10101000. So ist 00 00
0000101000, 0101001101οο0 10 Ρ1001 01000 111100010οᾶ 00 11100-
010100 0000000, 100 010101 jenem ist, 100 100 Ρ1001 11000000,
0000 010 0010100 000100 001100, (110 1001000100ος 0101000 100
00100100 111011 100 1011000010 100 810000010010100000. Ver-
1000010 010 100 1111001001, 0100 00010011001000 010 100001100,
001000 200, 300 Ρ1001 101100 (1001010100 010000010011010 sind,
so 110100 010, 1000 1001000010 100 101100100 10 Ρ1001 010 000100,
0001100 001 1011100 Μο1 100 Ρ10101 0101001100 0101, 0100 010 1010
000100 Μο1 ,1, 100101101000100, 00 100 000110 Μο1 ²2¹6> das 101110
101110 Μο1 ,1,1001101101000100. 1100000101 000 0010000001 100
111100010οᾱ, so 0101 01010 10000110 01000 1100 0100010100, 0100
01101010 01001000100100100100ος00, 001000 0100011110010110-
10000100 100100, 110 1100010011001 0010000001 00 (100000 (10 10000
10110 00000000 000000 infinita). Αο100000011000000 0001 10 00-
10000 Η10010101 110 Ι)00010100011 0100 111000 010 0010000001 (1011-
0110) 1010001101000100, 1000 0000 11000110 100 1111100010οᾶ
100 Ρ101100 0100010101, 000101 100 01011000 durch 1000 11000100
1010100010 3000100100, um welche 10011000 00100 Wirkung 000-
11110, 0001000 immet 001100 ohne Grenze (1010110110).

 

