1101000-0000000 000 001100000110010 000000100110000 010. 43

1000 Ρ1000 0010000011010000, und 00000 01011101οΠ0 01000

1 dritten, 0100100 0001001100 0100000 00101100 000000 0011, 1000000·

0000000010010 00010110 001000001 000000 0000010οῑ 0010100000
010000 001100 010000 010 Μο000 000 110011 0000100000 0010000,
00 101010000 00001000 1000000 010 000 00000110 1011

0010. Η100 01000 11001 0100 0000001000 ’110100010 000, 000
010 000001011000 (1010100 100100010οᾱ 0011100 3030001000 0100000.
1100 0000110001 00 01011 00011101, 0000 000 Μο000 000 0100010011
01011 100100 0100000000, 0000000 heim gestossenen zu 000100 1011
110000010οι0 0110011001οη 10000010 00100101 00, 010 10000 man
0010100 00100000010, 0000· 100000 001 0100 0010011000010 0000 un-
10011000010000 01000100110011100000, 010 bald 1101000, bald grbsser

0 101,Ᾱο 00010000 000 0010011000 111000010οᾱ 300000000001101000101.

0090. 10110000 00 00 1000001100, 0000 01011101 011οΚ0011
000 0100000 0000100000 gross 0000 0010000001 30000 0010 10000,
0000 0000 000· 0001001000 10 000000010000010 000 Ρ1011 000
4, 000· 10100000 um 31011, und 00 000 11000οἰ01 1000000 1001100·
0100000· 0011101010οε 00οΡ1011 00021011, 000 010010 000011,
0000 0001, ἶ1010 0100000001, 0000, 0010101 10010, 0100, 0000 000
111000010001 nicht 0000011010 00000 0100, 0001 000 Ρ1011 1001-
0001000001000000· 11010000 000 11010000 01000100 001 01000 010
11001 10001000 0001 00 11010, 0101011001000010111011100, 001000
010· 0100 0100100001001, 00 0100 000 001000001101010010 (10-
0101110000 mehr 000001000, 00 0000 001110001101 010 ganz 100-
0000000 100100 (1001011 000000001 werden 0000010.

0010. Ιο1 bin 00111000001100001001011.

Apr. 001110 0000010 111000010οᾶ 01011 so gross sein 100-
000, 0000 00 010000 001101 10101100 01000 absolut 01011 0001010111

0010. 101 0100100 01011, 0000000 (1001000000 01011 0011-
10000000 0010000101 101, d. h. 0000 0010 111000010οᾱ 01011 00-
0001101 00000101,

0000. Das finde 101 0010 0001010013 000 00110000, 010 Κο001
0100010001000 1000011ἱο 00010000] 01000 0101101000, 010 001-
0100 001 000 000100 10101101 010000 0001 1001 00000100 00001001-
00100 0100000100 0000010001, 0000 010 00000100 (10010110 mit
geringer Kraft gehoben 000000, 010 100100 Ηο1001, 1001 000
00100010, 101011000100000 010.; 1000001100· 10100 01000, wo
0001ςο 0011000 01000 10 0000 120100010θο Ηο0000000 01000
1001000001100101 0000011ος00 100000, 00000100 00010001 01000
00000000 Μο000001100100, ja 0011001 00100 00001000 0010 10100

11000000, 000· 001 0000 Ηο000000· 00100110, 01011 0001000100
00000, 1100· 0010101 mir alle Ueberlegung 0100001110, 000

 

