44 · (11111111111111.

1111611116111111111611111 111111161111; 111, Η611 Salviae,
11111111 111 11111 111 11111111 111 dem Labyrinth 1111161-
. 11111111. ·

Sale. 1111161611, 11111111161111111111111 111, 1161111 161·
Hauptknoten in dem Umstende, 1111 heim 811111, 161 1111111111
111, man doeh nieht 111111 Mittel, eine 111111111111 finden,
11111111111,111 fiir 111116 11111111111111, 161 11161 1111116
Κ111161111111111111111611111111111. 111 11116 161111 111
1111111, wie 11111161611 11111161111111111111111, 111 will
versuehen, 161161111111 111111611; 111 1111111111 61 1611111111
111611111111111111161 1111 111111111111161· 11111111 11111111111
11 61161 116111111111111111 111161111111111 1611111111 16-
111161, 11 11111 wir 161 Κ11161, wem] 1111 11111 11111161, 11
1111 11111611. 111 11111111, 1111 111 111111 1618111161161 1111·
111 (16111116161 11111 611 111111111Β61111 161, 1111111 111 11161
11111161 1111116, 1161111 16116 116 11 111116111 1161116
(energia) bestimmen3 111 6116 111 111 (16111111 (il 1111) 161
Β61161111 111 111 111Β1111111111, 111 andere 111 116 Ge-
eehwindigkeit, 1111 11111161 jenes 1111 1611111111 116111 1611611
werden 1111. 1111611 111111Β6116111 mit 161 (1111111111111111
111111111111116116111161161 soll, 16 1111, 1111 111 1111111111
1611611 von beiden Kfirpern 11111116111161 Wege 11111111· 111111
16161, 16 1111111 1161111111 111 1111111161 11111 11161111 111 111
111161111161111611,11111 1161 111 1111161 1111161, 1111 111
111· 11111161 (1111611611 111111 (1111111611111 611111161 111 11111,
116111111161161111111111111161 Waage 11611. Wollen 1111·
111111111116111111161111111111116 611 1111116111 11161, 11 muse
die 111111111111 11 1111111161 werden, 1111 111 11611611 Ge-
1111111111 6116 11111611 11166111 1111111111, 111 111 111616, 1161·
was 11116111111, 111111 1111 111161111 1111611; 111 11 11111
uns 1161161611111111111 111 11611111, 1111 1. Β. 111 161· 8111111-
111111, demit 1111111111111111 6111 10 1111 151111 11111616 11111
1116111116,16111111111611111111116 10 1161 151111 11111616
Β61111111111111061111111111111111 111116, 111 161· 161· 1111111
hest, 1161111111111116111, 1111 11116111111610 1111· 151111
11111616 (1611111111111611 habe. Da 1111 11111111 161 11161
1111111111 wieder findet, 1111111 wir 111111 61111161, 1111 Ge-

111111111(111111111111111111111111 6 16111111) 11 1111161161,
111116111116116111111111111111116 116111. (1611111111 1111
men, 111 1111161111 161 1611111161 11111111 161 111111 dem
»Memento« 161 1111616161, 11611116 (1616111111111611 11161 111
1111611111111111611111111 111116111111, wie 111 [11111111 111111

 

